0,0,0,0
0.01,0,0.01,0
0.02,0,0.02,0
0.03,0,0.03,0
0.04,0,0.04,0
0.05,0,0.05,0
0.06,0,0.06,0
0.07,0,0.07,0
0.08,0,0.08,0
0.09,0.029602,0.09,0
0.1,0.045471,0.1,0.0258
0.11,0.072327,0.11,0.0516
0.12,0.10422,0.12,0.0774
0.13,0.12589,0.13,0.1032
0.14,0.15503,0.14,0.129
0.15,0.17014,0.15,0.1548
0.16,0.20157,0.16,0.1806
0.17,0.22141,0.17,0.2064
0.18,0.25772,0.18,0.2322
0.19,0.27603,0.19,0.258
0.2,0.29526,0.2,0.2838
0.21,0.32822,0.21,0.3096
0.22,0.35263,0.22,0.3354
0.23,0.37262,0.23,0.3612
0.24,0.40176,0.24,0.387
0.25,0.42603,0.25,0.4128
0.26,0.44678,0.26,0.4386
0.27,0.47363,0.27,0.4644
0.28,0.49744,0.28,0.4902
0.29,0.52597,0.29,0.516
0.3,0.54794,0.3,0.5418
0.31,0.57419,0.31,0.5676
0.32,0.59769,0.32,0.5934
0.33,0.62134,0.33,0.6192
0.34,0.64926,0.34,0.645
0.35,0.67184,0.35,0.6708
0.36,0.69885,0.36,0.6966
0.37,0.72037,0.37,0.7224
0.38,0.75485,0.38,0.7482
0.39,0.77301,0.39,0.774
0.4,0.79315,0.4,0.7998
0.41,0.82428,0.41,0.8256
0.42,0.8432,0.42,0.8514
0.43,0.87189,0.43,0.8772
0.44,0.89752,0.44,0.903
0.45,0.91843,0.45,0.9288
0.46,0.94772,0.46,0.9546
0.47,0.96695,0.47,0.9804
0.48,0.99472,0.48,1.0062
0.49,1.0216,0.49,1.032
0.5,1.0335,0.5,1.0578
0.51,1.0701,0.51,1.0836
0.52,1.086,0.52,1.1094
0.53,1.1168,0.53,1.1352
0.54,1.1447,0.54,1.161
0.55,1.1638,0.55,1.1868
0.56,1.1951,0.56,1.2126
0.57,1.2132,0.57,1.2384
0.58,1.2495,0.58,1.2642
0.59,1.2778,0.59,1.29
0.6,1.2875,0.6,1.3158
0.61,1.3257,0.61,1.3416
0.62,1.3463,0.62,1.3674
0.63,1.3795,0.63,1.3932
0.64,1.4034,0.64,1.419
0.65,1.4188,0.65,1.4448
0.66,1.4598,0.66,1.4706
0.67,1.4778,0.67,1.4964
0.68,1.5086,0.68,1.5222
0.69,1.5366,0.69,1.548
0.7,1.5503,0.7,1.5738
0.71,1.5933,0.71,1.5996
0.72,1.6124,0.72,1.6254
0.73,1.6493,0.73,1.6512
0.74,1.6786,0.74,1.677
0.75,1.6869,0.75,1.7028
0.76,1.7253,0.76,1.7286
0.77,1.7433,0.77,1.7544
0.78,1.7831,0.78,1.7802
0.79,1.8105,0.79,1.806
0.8,1.8173,0.8,1.8318
0.81,1.859,0.81,1.8576
0.82,1.8744,0.82,1.8834
0.83,1.9229,0.83,1.9092
0.84,1.944,0.84,1.935
0.85,1.9576,0.85,1.9608
0.86,2.002,0.86,1.9866
0.87,2.0166,0.87,2.0124
0.88,2.0523,0.88,2.0382
0.89,2.0778,0.89,2.064
0.9,2.0898,0.9,2.0898
0.91,2.135,0.91,2.1156
0.92,2.1495,0.92,2.1414
0.93,2.1883,0.93,2.1672
0.94,2.2108,0.94,2.193
0.95,2.2224,0.95,2.2188
0.96,2.2679,0.96,2.2446
0.97,2.2816,0.97,2.2704
0.98,2.3253,0.98,2.2962
0.99,2.3534,0.99,2.322
1,2.3654,1,2.3478
1.01,2.4011,1.01,2.3736
1.02,2.4155,1.02,2.3994
1.03,2.4596,1.03,2.4252
1.04,2.4861,1.04,2.451
1.05,2.4886,1.05,2.4768
1.06,2.534,1.06,2.5026
1.07,2.5455,1.07,2.5284
1.08,2.5923,1.08,2.5542
1.09,2.6109,1.09,2.58
1.1,2.6187,1.1,2.6058
1.11,2.6685,1.11,2.6316
1.12,2.6776,1.12,2.6574
1.13,2.7165,1.13,2.6832
1.14,2.744,1.14,2.709
1.15,2.7473,1.15,2.7348
1.16,2.7921,1.16,2.7606
1.17,2.8017,1.17,2.7864
1.18,2.8395,1.18,2.8122
1.19,2.8679,1.19,2.838
1.2,2.8758,1.2,2.8638
1.21,2.9153,1.21,2.8896
1.22,2.9242,1.22,2.9154
1.23,2.9628,1.23,2.9412
1.24,2.9907,1.24,2.967
1.25,2.9893,1.25,2.9928
1.26,3.0399,1.26,3.0186
1.27,3.0376,1.27,3.0444
1.28,3.0867,1.28,3.0702
1.29,3.1134,1.29,3.096
1.3,3.1119,1.3,3.1218
1.31,3.163,1.31,3.1476
1.32,3.1621,1.32,3.1734
1.33,3.2182,1.33,3.1992
1.34,3.2292,1.34,3.225
1.35,3.2359,1.35,3.2508
1.36,3.2817,1.36,3.2766
1.37,3.2875,1.37,3.3024
1.38,3.3347,1.38,3.3282
1.39,3.3536,1.39,3.354
1.4,3.3589,1.4,3.3798
1.41,3.4016,1.41,3.4056
1.42,3.4102,1.42,3.4314
1.43,3.4601,1.43,3.4572
1.44,3.4807,1.44,3.483
1.45,3.4836,1.45,3.5088
1.46,3.5358,1.46,3.5346
1.47,3.5405,1.47,3.5604
1.48,3.5837,1.48,3.5862
1.49,3.6116,1.49,3.612
1.5,3.6157,1.5,3.6378
1.51,3.6699,1.51,3.6636
1.52,3.6658,1.52,3.6894
1.53,3.7172,1.53,3.7152
1.54,3.7451,1.54,3.741
1.55,3.7427,1.55,3.7668
1.56,3.8034,1.56,3.7926
1.57,3.7994,1.57,3.8184
1.58,3.8547,1.58,3.8442
1.59,3.8828,1.59,3.87
1.6,3.88,1.6,3.8958
1.61,3.9372,1.61,3.9216
1.62,3.9331,1.62,3.9474
1.63,3.9893,1.63,3.9732
1.64,4.0134,1.64,3.999
1.65,4.0137,1.65,4.0248
1.66,4.0698,1.66,4.0506
1.67,4.0718,1.67,4.0764
1.68,4.1272,1.68,4.1022
1.69,4.1565,1.69,4.128
1.7,4.1493,1.7,4.1538
1.71,4.2078,1.71,4.1796
1.72,4.203,1.72,4.2054
1.73,4.2607,1.73,4.2312
1.74,4.2943,1.74,4.257
1.75,4.2888,1.75,4.2828
1.76,4.3466,1.76,4.3086
1.77,4.3454,1.77,4.3344
1.78,4.4032,1.78,4.3602
1.79,4.4279,1.79,4.386
1.8,4.4269,1.8,4.4118
1.81,4.4893,1.81,4.4376
1.82,4.4875,1.82,4.4634
1.83,4.5444,1.83,4.4892
1.84,4.5732,1.84,4.515
1.85,4.5708,1.85,4.5408
1.86,4.6237,1.86,4.5666
1.87,4.6259,1.87,4.5924
1.88,4.6817,1.88,4.6182
1.89,4.7081,1.89,4.644
1.9,4.7116,1.9,4.6698
1.91,4.7728,1.91,4.6956
1.92,4.7684,1.92,4.7214
1.93,4.8285,1.93,4.7472
1.94,4.856,1.94,4.773
1.95,4.8532,1.95,4.7988
1.96,4.9146,1.96,4.8246
1.97,4.9098,1.97,4.8504
1.98,4.9702,1.98,4.8762
1.99,5.0031,1.99,4.902
2,4.9994,2,4.9278
2.01,5.0623,2.01,4.9536
2.02,5.0555,2.02,4.9794
2.03,5.1198,2.03,5.0052
2.04,5.1509,2.04,5.031
2.05,5.1494,2.05,5.0568
2.06,5.2121,2.06,5.0826
2.07,5.2135,2.07,5.1084
2.08,5.2783,2.08,5.1342
2.09,5.3067,2.09,5.16
2.1,5.3014,2.1,5.1858
2.11,5.3647,2.11,5.2116
2.12,5.3651,2.12,5.2374
2.13,5.4306,2.13,5.2632
2.14,5.4596,2.14,5.289
2.15,5.4558,2.15,5.3148
2.16,5.5217,2.16,5.3406
2.17,5.5168,2.17,5.3664
2.18,5.5806,2.18,5.3922
2.19,5.6119,2.19,5.418
2.2,5.602,2.2,5.4438
2.21,5.6639,2.21,5.4696
2.22,5.6604,2.22,5.4954
2.23,5.7306,2.23,5.5212
2.24,5.7585,2.24,5.547
2.25,5.7472,2.25,5.5728
2.26,5.8159,2.26,5.5986
2.27,5.8051,2.27,5.6244
2.28,5.8853,2.28,5.6502
2.29,5.901,2.29,5.676
2.3,5.8997,2.3,5.7018
2.31,5.9669,2.31,5.7276
2.32,5.9595,2.32,5.7534
2.33,6.0237,2.33,5.7792
2.34,6.0619,2.34,5.805
2.35,6.0509,2.35,5.8308
2.36,6.1185,2.36,5.8566
2.37,6.1133,2.37,5.8824
2.38,6.1795,2.38,5.9082
2.39,6.2027,2.39,5.934
2.4,6.1908,2.4,5.9598
2.41,6.2643,2.41,5.9856
2.42,6.2486,2.42,6.0114
2.43,6.3165,2.43,6.0372
2.44,6.3454,2.44,6.063
2.45,6.3327,2.45,6.0888
2.46,6.3974,2.46,6.1146
2.47,6.3837,2.47,6.1404
2.48,6.4511,2.48,6.1662
2.49,6.4694,2.49,6.192
2.5,6.4563,2.5,6.2178
2.51,6.5295,2.51,6.2436
2.52,6.5079,2.52,6.2694
2.53,6.5736,2.53,6.2952
2.54,6.6011,2.54,6.321
2.55,6.5767,2.55,6.3468
2.56,6.6469,2.56,6.3726
2.57,6.6296,2.57,6.3984
2.58,6.6946,2.58,6.4242
2.59,6.7233,2.59,6.45
2.6,6.6954,2.6,6.4758
2.61,6.7693,2.61,6.5016
2.62,6.7474,2.62,6.5274
2.63,6.8123,2.63,6.5532
2.64,6.834,2.64,6.579
2.65,6.8137,2.65,6.6048
2.66,6.8753,2.66,6.6306
2.67,6.8582,2.67,6.6564
2.68,6.9264,2.68,6.6822
2.69,6.9418,2.69,6.708
2.7,6.9212,2.7,6.7338
2.71,6.983,2.71,6.7596
2.72,6.9615,2.72,6.7854
2.73,7.0285,2.73,6.8112
2.74,7.048,2.74,6.837
2.75,7.0258,2.75,6.8628
2.76,7.0926,2.76,6.8886
2.77,7.0622,2.77,6.9144
2.78,7.1257,2.78,6.9402
2.79,7.1481,2.79,6.966
2.8,7.1246,2.8,6.9918
2.81,7.1854,2.81,7.0176
2.82,7.1545,2.82,7.0434
2.83,7.2267,2.83,7.0692
2.84,7.2523,2.84,7.095
2.85,7.2261,2.85,7.1208
2.86,7.2847,2.86,7.1466
2.87,7.2636,2.87,7.1724
2.88,7.3309,2.88,7.1982
2.89,7.3595,2.89,7.224
2.9,7.3438,2.9,7.2498
2.91,7.4025,2.91,7.2756
2.92,7.3753,2.92,7.3014
2.93,7.4475,2.93,7.3272
2.94,7.4698,2.94,7.353
2.95,7.4521,2.95,7.3788
2.96,7.5177,2.96,7.4046
2.97,7.4983,2.97,7.4304
2.98,7.5671,2.98,7.4562
2.99,7.5873,2.99,7.482
3,7.569,3,7.5078
3.01,7.6428,3.01,7.5336
3.02,7.6132,3.02,7.5594
3.03,7.6935,3.03,7.5852
3.04,7.7078,3.04,7.611
3.05,7.6906,3.05,7.6368
3.06,7.7562,3.06,7.6626
3.07,7.7322,3.07,7.6884
3.08,7.8116,3.08,7.7142
3.09,7.8349,3.09,7.74
3.1,7.8149,3.1,7.7658
3.11,7.8867,3.11,7.7916
3.12,7.8609,3.12,7.8174
3.13,7.9343,3.13,7.8432
3.14,7.9623,3.14,7.869
3.15,7.9483,3.15,7.8948
3.16,8.015,3.16,7.9206
3.17,7.9855,3.17,7.9464
3.18,8.0638,3.18,7.9722
3.19,8.0908,3.19,7.998
3.2,8.0807,3.2,8.0238
3.21,8.152,3.21,8.0496
3.22,8.1073,3.22,8.0754
3.23,8.1984,3.23,8.1012
3.24,8.2251,3.24,8.127
3.25,8.2127,3.25,8.1528
3.26,8.2808,3.26,8.1786
3.27,8.2552,3.27,8.2044
3.28,8.3305,3.28,8.2302
3.29,8.3649,3.29,8.256
3.3,8.334,3.3,8.2818
3.31,8.4178,3.31,8.3076
3.32,8.3891,3.32,8.3334
3.33,8.4695,3.33,8.3592
3.34,8.4927,3.34,8.385
3.35,8.4836,3.35,8.4108
3.36,8.5518,3.36,8.4366
3.37,8.5233,3.37,8.4624
3.38,8.607,3.38,8.4882
3.39,8.6253,3.39,8.514
3.4,8.6148,3.4,8.5398
3.41,8.6844,3.41,8.5656
3.42,8.6557,3.42,8.5914
3.43,8.7361,3.43,8.6172
3.44,8.7544,3.44,8.643
3.45,8.7463,3.45,8.6688
3.46,8.8155,3.46,8.6946
3.47,8.7848,3.47,8.7204
3.48,8.8693,3.48,8.7462
3.49,8.8872,3.49,8.772
3.5,8.8779,3.5,8.7978
3.51,8.9516,3.51,8.8236
3.52,8.9156,3.52,8.8494
3.53,8.9999,3.53,8.8752
3.54,9.0152,3.54,8.901
3.55,9.0073,3.55,8.9268
3.56,9.0756,3.56,8.9526
3.57,9.0417,3.57,8.9784
3.58,9.129,3.58,9.0042
3.59,9.1394,3.59,9.03
3.6,9.1356,3.6,9.0558
3.61,9.1986,3.61,9.0816
3.62,9.1777,3.62,9.1074
3.63,9.2523,3.63,9.1332
3.64,9.2613,3.64,9.159
3.65,9.2633,3.65,9.1848
3.66,9.3259,3.66,9.2106
3.67,9.2975,3.67,9.2364
3.68,9.3813,3.68,9.2622
3.69,9.3846,3.69,9.288
3.7,9.3834,3.7,9.3138
3.71,9.4553,3.71,9.3396
3.72,9.4167,3.72,9.3654
3.73,9.5058,3.73,9.3912
3.74,9.5189,3.74,9.417
3.75,9.5094,3.75,9.4428
3.76,9.5738,3.76,9.4686
3.77,9.5407,3.77,9.4944
3.78,9.6278,3.78,9.5202
3.79,9.6327,3.79,9.546
3.8,9.6391,3.8,9.5718
3.81,9.6979,3.81,9.5976
3.82,9.6648,3.82,9.6234
3.83,9.7537,3.83,9.6492
3.84,9.7534,3.84,9.675
3.85,9.765,3.85,9.7008
3.86,9.8297,3.86,9.7266
3.87,9.7871,3.87,9.7524
3.88,9.8788,3.88,9.7782
3.89,9.877,3.89,9.804
3.9,9.8889,3.9,9.8298
3.91,9.9457,3.91,9.8556
3.92,9.9188,3.92,9.8814
3.93,9.9998,3.93,9.9072
3.94,9.9998,3.94,9.933
3.95,9.9998,3.95,9.9588
3.96,9.9998,3.96,9.9846
3.97,9.9998,3.97,10.01
3.98,9.9847,3.98,10.036
3.99,9.9998,3.99,10.062
