0,0,0,0
0.01,0,0.01,0
0.02,0,0.02,0
0.03,0,0.03,0
0.04,0,0.04,0
0.05,0,0.05,0
0.06,0,0.06,0
0.07,0,0.07,0
0.08,0,0.08,0
0.09,0.029602,0.09,0
0.1,0.045471,0.1,0.0166
0.11,0.072327,0.11,0.0332
0.12,0.10422,0.12,0.0498
0.13,0.12589,0.13,0.0664
0.14,0.15503,0.14,0.083
0.15,0.17014,0.15,0.0996
0.16,0.20157,0.16,0.1162
0.17,0.22141,0.17,0.1328
0.18,0.25772,0.18,0.1494
0.19,0.27603,0.19,0.166
0.2,0.29526,0.2,0.1826
0.21,0.32822,0.21,0.1992
0.22,0.35263,0.22,0.2158
0.23,0.37262,0.23,0.2324
0.24,0.40176,0.24,0.249
0.25,0.42603,0.25,0.2656
0.26,0.44678,0.26,0.2822
0.27,0.47363,0.27,0.2988
0.28,0.49744,0.28,0.3154
0.29,0.52597,0.29,0.332
0.3,0.54794,0.3,0.3486
0.31,0.57419,0.31,0.3652
0.32,0.59769,0.32,0.3818
0.33,0.62134,0.33,0.3984
0.34,0.64926,0.34,0.415
0.35,0.67184,0.35,0.4316
0.36,0.69885,0.36,0.4482
0.37,0.72037,0.37,0.4648
0.38,0.75485,0.38,0.4814
0.39,0.77301,0.39,0.498
0.4,0.79315,0.4,0.5146
0.41,0.82428,0.41,0.5312
0.42,0.8432,0.42,0.5478
0.43,0.87189,0.43,0.5644
0.44,0.89752,0.44,0.581
0.45,0.91843,0.45,0.5976
0.46,0.94772,0.46,0.6142
0.47,0.96695,0.47,0.6308
0.48,0.99472,0.48,0.6474
0.49,1.0216,0.49,0.664
0.5,1.0335,0.5,0.6806
0.51,1.0701,0.51,0.6972
0.52,1.086,0.52,0.7138
0.53,1.1168,0.53,0.7304
0.54,1.1447,0.54,0.747
0.55,1.1638,0.55,0.7636
0.56,1.1951,0.56,0.7802
0.57,1.2132,0.57,0.7968
0.58,1.2495,0.58,0.8134
0.59,1.2778,0.59,0.83
0.6,1.2875,0.6,0.8466
0.61,1.3257,0.61,0.8632
0.62,1.3463,0.62,0.8798
0.63,1.3795,0.63,0.8964
0.64,1.4034,0.64,0.913
0.65,1.4188,0.65,0.9296
0.66,1.4598,0.66,0.9462
0.67,1.4778,0.67,0.9628
0.68,1.5086,0.68,0.9794
0.69,1.5366,0.69,0.996
0.7,1.5503,0.7,1.0126
0.71,1.5933,0.71,1.0292
0.72,1.6124,0.72,1.0458
0.73,1.6493,0.73,1.0624
0.74,1.6786,0.74,1.079
0.75,1.6869,0.75,1.0956
0.76,1.7253,0.76,1.1122
0.77,1.7433,0.77,1.1288
0.78,1.7831,0.78,1.1454
0.79,1.8105,0.79,1.162
0.8,1.8173,0.8,1.1786
0.81,1.859,0.81,1.1952
0.82,1.8744,0.82,1.2118
0.83,1.9229,0.83,1.2284
0.84,1.944,0.84,1.245
0.85,1.9576,0.85,1.2616
0.86,2.002,0.86,1.2782
0.87,2.0166,0.87,1.2948
0.88,2.0523,0.88,1.3114
0.89,2.0778,0.89,1.328
0.9,2.0898,0.9,1.3446
0.91,2.135,0.91,1.3612
0.92,2.1495,0.92,1.3778
0.93,2.1883,0.93,1.3944
0.94,2.2108,0.94,1.411
0.95,2.2224,0.95,1.4276
0.96,2.2679,0.96,1.4442
0.97,2.2816,0.97,1.4608
0.98,2.3253,0.98,1.4774
0.99,2.3534,0.99,1.494
1,2.3654,1,1.5106
1.01,2.4011,1.01,1.5272
1.02,2.4155,1.02,1.5438
1.03,2.4596,1.03,1.5604
1.04,2.4861,1.04,1.577
1.05,2.4886,1.05,1.5936
1.06,2.534,1.06,1.6102
1.07,2.5455,1.07,1.6268
1.08,2.5923,1.08,1.6434
1.09,2.6109,1.09,1.66
1.1,2.6187,1.1,1.6766
1.11,2.6685,1.11,1.6932
1.12,2.6776,1.12,1.7098
1.13,2.7165,1.13,1.7264
1.14,2.744,1.14,1.743
1.15,2.7473,1.15,1.7596
1.16,2.7921,1.16,1.7762
1.17,2.8017,1.17,1.7928
1.18,2.8395,1.18,1.8094
1.19,2.8679,1.19,1.826
1.2,2.8758,1.2,1.8426
1.21,2.9153,1.21,1.8592
1.22,2.9242,1.22,1.8758
1.23,2.9628,1.23,1.8924
1.24,2.9907,1.24,1.909
1.25,2.9893,1.25,1.9256
1.26,3.0399,1.26,1.9422
1.27,3.0376,1.27,1.9588
1.28,3.0867,1.28,1.9754
1.29,3.1134,1.29,1.992
1.3,3.1119,1.3,2.0086
1.31,3.163,1.31,2.0252
1.32,3.1621,1.32,2.0418
1.33,3.2182,1.33,2.0584
1.34,3.2292,1.34,2.075
1.35,3.2359,1.35,2.0916
1.36,3.2817,1.36,2.1082
1.37,3.2875,1.37,2.1248
1.38,3.3347,1.38,2.1414
1.39,3.3536,1.39,2.158
1.4,3.3589,1.4,2.1746
1.41,3.4016,1.41,2.1912
1.42,3.4102,1.42,2.2078
1.43,3.4601,1.43,2.2244
1.44,3.4807,1.44,2.241
1.45,3.4836,1.45,2.2576
1.46,3.5358,1.46,2.2742
1.47,3.5405,1.47,2.2908
1.48,3.5837,1.48,2.3074
1.49,3.6116,1.49,2.324
1.5,3.6157,1.5,2.3406
1.51,3.6699,1.51,2.3572
1.52,3.6658,1.52,2.3738
1.53,3.7172,1.53,2.3904
1.54,3.7451,1.54,2.407
1.55,3.7427,1.55,2.4236
1.56,3.8034,1.56,2.4402
1.57,3.7994,1.57,2.4568
1.58,3.8547,1.58,2.4734
1.59,3.8828,1.59,2.49
1.6,3.88,1.6,2.5066
1.61,3.9372,1.61,2.5232
1.62,3.9331,1.62,2.5398
1.63,3.9893,1.63,2.5564
1.64,4.0134,1.64,2.573
1.65,4.0137,1.65,2.5896
1.66,4.0698,1.66,2.6062
1.67,4.0718,1.67,2.6228
1.68,4.1272,1.68,2.6394
1.69,4.1565,1.69,2.656
1.7,4.1493,1.7,2.6726
1.71,4.2078,1.71,2.6892
1.72,4.203,1.72,2.7058
1.73,4.2607,1.73,2.7224
1.74,4.2943,1.74,2.739
1.75,4.2888,1.75,2.7556
1.76,4.3466,1.76,2.7722
1.77,4.3454,1.77,2.7888
1.78,4.4032,1.78,2.8054
1.79,4.4279,1.79,2.822
1.8,4.4269,1.8,2.8386
1.81,4.4893,1.81,2.8552
1.82,4.4875,1.82,2.8718
1.83,4.5444,1.83,2.8884
1.84,4.5732,1.84,2.905
1.85,4.5708,1.85,2.9216
1.86,4.6237,1.86,2.9382
1.87,4.6259,1.87,2.9548
1.88,4.6817,1.88,2.9714
1.89,4.7081,1.89,2.988
1.9,4.7116,1.9,3.0046
1.91,4.7728,1.91,3.0212
1.92,4.7684,1.92,3.0378
1.93,4.8285,1.93,3.0544
1.94,4.856,1.94,3.071
1.95,4.8532,1.95,3.0876
1.96,4.9146,1.96,3.1042
1.97,4.9098,1.97,3.1208
1.98,4.9702,1.98,3.1374
1.99,5.0031,1.99,3.154
2,4.9994,2,3.1706
2.01,5.0623,2.01,3.1872
2.02,5.0555,2.02,3.2038
2.03,5.1198,2.03,3.2204
2.04,5.1509,2.04,3.237
2.05,5.1494,2.05,3.2536
2.06,5.2121,2.06,3.2702
2.07,5.2135,2.07,3.2868
2.08,5.2783,2.08,3.3034
2.09,5.3067,2.09,3.32
2.1,5.3014,2.1,3.3366
2.11,5.3647,2.11,3.3532
2.12,5.3651,2.12,3.3698
2.13,5.4306,2.13,3.3864
2.14,5.4596,2.14,3.403
2.15,5.4558,2.15,3.4196
2.16,5.5217,2.16,3.4362
2.17,5.5168,2.17,3.4528
2.18,5.5806,2.18,3.4694
2.19,5.6119,2.19,3.486
2.2,5.602,2.2,3.5026
2.21,5.6639,2.21,3.5192
2.22,5.6604,2.22,3.5358
2.23,5.7306,2.23,3.5524
2.24,5.7585,2.24,3.569
2.25,5.7472,2.25,3.5856
2.26,5.8159,2.26,3.6022
2.27,5.8051,2.27,3.6188
2.28,5.8853,2.28,3.6354
2.29,5.901,2.29,3.652
2.3,5.8997,2.3,3.6686
2.31,5.9669,2.31,3.6852
2.32,5.9595,2.32,3.7018
2.33,6.0237,2.33,3.7184
2.34,6.0619,2.34,3.735
2.35,6.0509,2.35,3.7516
2.36,6.1185,2.36,3.7682
2.37,6.1133,2.37,3.7848
2.38,6.1795,2.38,3.8014
2.39,6.2027,2.39,3.818
2.4,6.1908,2.4,3.8346
2.41,6.2643,2.41,3.8512
2.42,6.2486,2.42,3.8678
2.43,6.3165,2.43,3.8844
2.44,6.3454,2.44,3.901
2.45,6.3327,2.45,3.9176
2.46,6.3974,2.46,3.9342
2.47,6.3837,2.47,3.9508
2.48,6.4511,2.48,3.9674
2.49,6.4694,2.49,3.984
2.5,6.4563,2.5,4.0006
2.51,6.5295,2.51,4.0172
2.52,6.5079,2.52,4.0338
2.53,6.5736,2.53,4.0504
2.54,6.6011,2.54,4.067
2.55,6.5767,2.55,4.0836
2.56,6.6469,2.56,4.1002
2.57,6.6296,2.57,4.1168
2.58,6.6946,2.58,4.1334
2.59,6.7233,2.59,4.15
2.6,6.6954,2.6,4.1666
2.61,6.7693,2.61,4.1832
2.62,6.7474,2.62,4.1998
2.63,6.8123,2.63,4.2164
2.64,6.834,2.64,4.233
2.65,6.8137,2.65,4.2496
2.66,6.8753,2.66,4.2662
2.67,6.8582,2.67,4.2828
2.68,6.9264,2.68,4.2994
2.69,6.9418,2.69,4.316
2.7,6.9212,2.7,4.3326
2.71,6.983,2.71,4.3492
2.72,6.9615,2.72,4.3658
2.73,7.0285,2.73,4.3824
2.74,7.048,2.74,4.399
2.75,7.0258,2.75,4.4156
2.76,7.0926,2.76,4.4322
2.77,7.0622,2.77,4.4488
2.78,7.1257,2.78,4.4654
2.79,7.1481,2.79,4.482
2.8,7.1246,2.8,4.4986
2.81,7.1854,2.81,4.5152
2.82,7.1545,2.82,4.5318
2.83,7.2267,2.83,4.5484
2.84,7.2523,2.84,4.565
2.85,7.2261,2.85,4.5816
2.86,7.2847,2.86,4.5982
2.87,7.2636,2.87,4.6148
2.88,7.3309,2.88,4.6314
2.89,7.3595,2.89,4.648
2.9,7.3438,2.9,4.6646
2.91,7.4025,2.91,4.6812
2.92,7.3753,2.92,4.6978
2.93,7.4475,2.93,4.7144
2.94,7.4698,2.94,4.731
2.95,7.4521,2.95,4.7476
2.96,7.5177,2.96,4.7642
2.97,7.4983,2.97,4.7808
2.98,7.5671,2.98,4.7974
2.99,7.5873,2.99,4.814
3,7.569,3,4.8306
3.01,7.6428,3.01,4.8472
3.02,7.6132,3.02,4.8638
3.03,7.6935,3.03,4.8804
3.04,7.7078,3.04,4.897
3.05,7.6906,3.05,4.9136
3.06,7.7562,3.06,4.9302
3.07,7.7322,3.07,4.9468
3.08,7.8116,3.08,4.9634
3.09,7.8349,3.09,4.98
3.1,7.8149,3.1,4.9966
3.11,7.8867,3.11,5.0132
3.12,7.8609,3.12,5.0298
3.13,7.9343,3.13,5.0464
3.14,7.9623,3.14,5.063
3.15,7.9483,3.15,5.0796
3.16,8.015,3.16,5.0962
3.17,7.9855,3.17,5.1128
3.18,8.0638,3.18,5.1294
3.19,8.0908,3.19,5.146
3.2,8.0807,3.2,5.1626
3.21,8.152,3.21,5.1792
3.22,8.1073,3.22,5.1958
3.23,8.1984,3.23,5.2124
3.24,8.2251,3.24,5.229
3.25,8.2127,3.25,5.2456
3.26,8.2808,3.26,5.2622
3.27,8.2552,3.27,5.2788
3.28,8.3305,3.28,5.2954
3.29,8.3649,3.29,5.312
3.3,8.334,3.3,5.3286
3.31,8.4178,3.31,5.3452
3.32,8.3891,3.32,5.3618
3.33,8.4695,3.33,5.3784
3.34,8.4927,3.34,5.395
3.35,8.4836,3.35,5.4116
3.36,8.5518,3.36,5.4282
3.37,8.5233,3.37,5.4448
3.38,8.607,3.38,5.4614
3.39,8.6253,3.39,5.478
3.4,8.6148,3.4,5.4946
3.41,8.6844,3.41,5.5112
3.42,8.6557,3.42,5.5278
3.43,8.7361,3.43,5.5444
3.44,8.7544,3.44,5.561
3.45,8.7463,3.45,5.5776
3.46,8.8155,3.46,5.5942
3.47,8.7848,3.47,5.6108
3.48,8.8693,3.48,5.6274
3.49,8.8872,3.49,5.644
3.5,8.8779,3.5,5.6606
3.51,8.9516,3.51,5.6772
3.52,8.9156,3.52,5.6938
3.53,8.9999,3.53,5.7104
3.54,9.0152,3.54,5.727
3.55,9.0073,3.55,5.7436
3.56,9.0756,3.56,5.7602
3.57,9.0417,3.57,5.7768
3.58,9.129,3.58,5.7934
3.59,9.1394,3.59,5.81
3.6,9.1356,3.6,5.8266
3.61,9.1986,3.61,5.8432
3.62,9.1777,3.62,5.8598
3.63,9.2523,3.63,5.8764
3.64,9.2613,3.64,5.893
3.65,9.2633,3.65,5.9096
3.66,9.3259,3.66,5.9262
3.67,9.2975,3.67,5.9428
3.68,9.3813,3.68,5.9594
3.69,9.3846,3.69,5.976
3.7,9.3834,3.7,5.9926
3.71,9.4553,3.71,6.0092
3.72,9.4167,3.72,6.0258
3.73,9.5058,3.73,6.0424
3.74,9.5189,3.74,6.059
3.75,9.5094,3.75,6.0756
3.76,9.5738,3.76,6.0922
3.77,9.5407,3.77,6.1088
3.78,9.6278,3.78,6.1254
3.79,9.6327,3.79,6.142
3.8,9.6391,3.8,6.1586
3.81,9.6979,3.81,6.1752
3.82,9.6648,3.82,6.1918
3.83,9.7537,3.83,6.2084
3.84,9.7534,3.84,6.225
3.85,9.765,3.85,6.2416
3.86,9.8297,3.86,6.2582
3.87,9.7871,3.87,6.2748
3.88,9.8788,3.88,6.2914
3.89,9.877,3.89,6.308
3.9,9.8889,3.9,6.3246
3.91,9.9457,3.91,6.3412
3.92,9.9188,3.92,6.3578
3.93,9.9998,3.93,6.3744
3.94,9.9998,3.94,6.391
3.95,9.9998,3.95,6.4076
3.96,9.9998,3.96,6.4242
3.97,9.9998,3.97,6.4408
3.98,9.9847,3.98,6.4574
3.99,9.9998,3.99,6.474
